0 0.201993 0.40761 0.067029 0.103261
0 0.178442 0.590580 0.096014 0.090580
0 0.605072 0.483696 0.144928 0.173913
0 0.664855 0.092391 0.05797 0.173913
0 0.735507 0.481884 0.112319 0.134058
0 0.698370 0.961051 0.132246 0.077899
0 0.424819 0.827899 0.132246 0.101449
0 0.400362 0.945652 0.072464 0.090580
0 0.491848 0.962862 0.106884 0.074275
0 0.367754 0.491848 0.119565 0.07609
0 0.404891 0.310688 0.106884 0.117754
0 0.282609 0.086051 0.126812 0.128623
0 0.31094 0.243659 0.101449 0.08022
0 0.218297 0.301630 0.074275 0.074275
0 0.788949 0.786232 0.092391 0.083333
