0 0.319296 0.597859 0.068913 0.073394
0 0.437979 0.612385 0.061256 0.062691
0 0.549770 0.623853 0.061256 0.067278
0 0.357580 0.837920 0.056662 0.061162
0 0.477795 0.846330 0.061256 0.059633
0 0.573507 0.859327 0.050536 0.051988
0 0.660031 0.86300 0.055130 0.056575
0 0.740429 0.869266 0.062787 0.062691
0 0.897397 0.639144 0.110260 0.11300
0 0.762634 0.737768 0.125574 0.163609
0 0.232006 0.492355 0.127106 0.073394
0 0.464778 0.309633 0.081164 0.093272
0 0.803982 0.243119 0.122511 0.119266
0 0.843032 0.436544 0.099541 0.090214
0 0.883614 0.529817 0.101072 0.068807
0 0.862940 0.084098 0.099541 0.107034
0 0.797856 0.132263 0.088821 0.093272
0 0.065084 0.509939 0.065850 0.071865
