0 0.084639 0.393417 0.128527 0.00470
0 0.209248 0.145768 0.117555 0.106583
0 0.222571 0.256270 0.144201 0.126959
0 0.226489 0.473354 0.126959 0.06740
0 0.234326 0.626176 0.139498 0.130094
0 0.123824 0.80047 0.09875 0.166144
0 0.05956 0.949060 0.177116 0.101881
0 0.275862 0.839342 0.08005 0.123824
0 0.297806 0.965517 0.056426 0.068966
0 0.890282 0.778213 0.09875 0.217868
0 0.736677 0.163793 0.090909 0.089342
0 0.735893 0.278997 0.123824 0.10987
0 0.883229 0.073668 0.070533 0.08005
0 0.900470 0.172414 0.048589 0.084639
0 0.909091 0.244514 0.05007 0.05007
0 0.924765 0.304075 0.047022 0.062696
0 0.109718 0.521944 0.103448 0.097179
0 0.759404 0.05007 0.10800 0.097179
