0 0.513716 0.581250 0.064838 0.072500
0 0.165835 0.131250 0.077307 0.077500
0 0.239401 0.197500 0.079800 0.075000
0 0.291771 0.298750 0.069825 0.067500
0 0.352868 0.402500 0.072319 0.095000
0 0.372818 0.488750 0.052369 0.052500
0 0.390274 0.547500 0.067332 0.075000
0 0.402743 0.641250 0.082294 0.067500
0 0.420200 0.711250 0.067332 0.072500
0 0.425187 0.926250 0.082294 0.087500
0 0.526185 0.880000 0.054863 0.055000
0 0.739401 0.537500 0.077307 0.080000
0 0.730673 0.366250 0.064838 0.077500
0 0.293017 0.926250 0.087282 0.082500
0 0.764339 0.651250 0.057357 0.062500
0 0.805486 0.926250 0.069825 0.067500
0 0.918953 0.886250 0.077307 0.082500
0 0.726933 0.286250 0.072319 0.077500
0 0.470075 0.396250 0.047382 0.047500
0 0.907731 0.742500 0.064838 0.070000
0 0.887781 0.675000 0.049875 0.050000
