0 0.061250 0.441250 0.082500 0.087500
0 0.03750 0.487500 0.097500 0.140000
0 0.312500 0.535000 0.135000 0.120000
0 0.451250 0.550000 0.057500 0.065000
0 0.667500 0.276250 0.050000 0.057500
0 0.718750 0.250000 0.052500 0.055000
0 0.720000 0.07500 0.055000 0.060000
0 0.756250 0.187500 0.042500 0.045000
0 0.796250 0.166250 0.042500 0.047500
0 0.645000 0.612500 0.080000 0.085000
0 0.537500 0.591250 0.060000 0.052500
0 0.208750 0.743750 0.112500 0.117500
0 0.092500 0.781250 0.075000 0.077500
0 0.040000 0.686250 0.075000 0.077500
0 0.312500 0.721250 0.095000 0.132500
0 0.397500 0.733750 0.065000 0.077500
0 0.455000 0.70000 0.075000 0.075000
0 0.883750 0.637500 0.062500 0.065000
0 0.177500 0.193750 0.175000 0.202500
0 0.351250 0.242500 0.067500 0.070000
0 0.325000 0.05000 0.105000 0.110000
0 0.765000 0.852500 0.070000 0.070000
0 0.796250 0.952500 0.077500 0.080000
0 0.028750 0.085000 0.052500 0.080000
0 0.031250 0.186250 0.057500 0.117500
