0 0.605220 0.191993 0.137031 0.145425
0 0.122349 0.399510 0.133768 0.168301
0 0.181892 0.190359 0.112561 0.109477
0 0.296900 0.046569 0.097879 0.086601
0 0.260196 0.848039 0.08238 0.192810
0 0.149266 0.697712 0.099511 0.104575
0 0.323002 0.643791 0.107667 0.12090
0 0.417618 0.724673 0.107667 0.116013
0 0.577488 0.895425 0.107667 0.117647
0 0.491028 0.388889 0.140294 0.114379
0 0.511419 0.580065 0.099511 0.114379
0 0.448613 0.484477 0.117455 0.083333
0 0.596248 0.516340 0.119086 0.098039
0 0.779772 0.709967 0.00082 0.135621
0 0.778140 0.845588 0.166395 0.14207
0 0.878467 0.410948 0.132137 0.135621
0 0.777325 0.478758 0.096248 0.078431
0 0.858075 0.552288 0.101142 0.09003
0 0.959217 0.674020 0.08066 0.096405
0 0.400489 0.910948 0.106036 0.099673
