0 0.196944 0.426271 0.169779 0.164407
0 0.170628 0.279661 0.01104 0.125424
0 0.353990 0.733898 0.079796 0.067797
0 0.342105 0.808475 0.073005 0.061017
0 0.797114 0.59490 0.130730 0.132203
0 0.569610 0.557627 0.191851 0.210169
0 0.372666 0.583898 0.130730 0.123729
0 0.446520 0.700847 0.10450 0.103390
0 0.533956 0.755932 0.123939 0.118644
0 0.484720 0.305932 0.117148 0.093220
0 0.586587 0.394068 0.127334 0.116949
0 0.239389 0.895763 0.118846 0.116949
0 0.893888 0.856780 0.083192 0.089831
0 0.248727 0.120339 0.096774 0.081356
0 0.338710 0.214407 0.076401 0.072881
0 0.375212 0.285593 0.081494 0.069492
