0 0.368607 0.226631 0.098765 0.082892
0 0.501764 0.684303 0.118166 0.109347
0 0.350970 0.760141 0.109347 0.105820
0 0.148148 0.253086 0.088183 0.100529
0 0.053792 0.164903 0.100529 0.111111
0 0.237213 0.038801 0.089947 0.070547
0 0.808642 0.513228 0.111111 0.123457
0 0.833333 0.789242 0.104056 0.118166
0 0.932099 0.879189 0.065256 0.082892
0 0.644621 0.560847 0.082892 0.088183
0 0.709877 0.629630 0.072310 0.077601
0 0.744268 0.686067 0.070547 0.077601
0 0.680776 0.351852 0.165785 0.149912
0 0.705467 0.537919 0.095238 0.102293
0 0.828924 0.682540 0.091711 0.088183
0 0.920635 0.658730 0.088183 0.104056
0 0.181658 0.509700 0.098765 0.105820
0 0.109347 0.495591 0.063492 0.077601
0 0.07848 0.780423 0.093474 0.093474
