0 0.44404 0.073298 0.078534 0.080279
0 0.503490 0.06195 0.089005 0.092496
0 0.572426 0.193717 0.062827 0.073298
0 0.711169 0.01832 0.106457 0.07068
0 0.798429 0.451134 0.21800 0.193717
0 0.769634 0.740838 0.118674 0.120419
0 0.476440 0.383072 0.094241 0.095986
0 0.168412 0.09686 0.179756 0.169284
0 0.321117 0.418848 0.080279 0.090750
0 0.398778 0.486038 0.08550 0.095986
0 0.465096 0.560209 0.075044 0.083770
0 0.520070 0.611693 0.073298 0.078534
0 0.280105 0.859511 0.204188 0.05323
0 0.491274 0.758290 0.075044 0.08550
0 0.750436 0.900524 0.073298 0.083770
0 0.833333 0.924084 0.078534 0.082024
0 0.929319 0.662304 0.075044 0.075044
0 0.875218 0.354276 0.082024 0.073298
